815, 309
815, 309
815, 309
815, 309
815, 309
815, 309
815, 309
815, 309
815, 309
815, 309
815, 309
815, 309
815, 309
815, 309
815, 309
815, 309
815, 309
815, 309
815, 309
815, 309
815, 309
815, 309
815, 309
815, 309
815, 309
815, 309
815, 309
815, 309
823, 309
850, 308
872, 304
872, 304
872, 304
899, 317
908, 321
908, 321
908, 321
914, 322
927, 331
938, 361
938, 410
940, 462
929, 505
929, 506
929, 506
929, 520
923, 539
908, 551
853, 556
806, 553
786, 553
778, 554
775, 557
772, 576
773, 585
783, 595
795, 599
817, 602
848, 607
871, 613
887, 618
906, 626
916, 633
922, 638
926, 641
931, 646
944, 668
946, 677
946, 677
946, 677
952, 707
961, 756
961, 774
957, 792
948, 810
938, 823
920, 835
903, 842
890, 846
833, 853
811, 853
811, 853
811, 853
787, 854
727, 854
687, 856
652, 852
643, 850
643, 850
643, 850
626, 822
620, 803
617, 771
619, 725
619, 725
619, 725
617, 660
616, 573
615, 526
612, 467
612, 446
612, 446
612, 442
618, 404
623, 356
630, 328
637, 313
647, 309
678, 307
703, 307
726, 307
762, 306
805, 304
836, 304
854, 307
863, 310
862, 310
862, 310
862, 310
862, 310
862, 310
862, 310
862, 310
862, 313
862, 314
862, 314
862, 314
862, 314
862, 314
862, 314
862, 314
862, 314
862, 314
861, 323
788, 538
774, 599
774, 599
773, 608
745, 690
744, 694
744, 694
744, 694
744, 695
740, 724
745, 786
745, 789
745, 791
